1107005559
615001505
414002092
1107001851
1107001855
1110000933
1107002433
1107002411
414003482
1107002420
1107002472
603001331
1107004245
1107005574
102000197
1107002477
102000192
1403000138
309000241
1109001826
1107002410
218000053
1604001232
1107002335
1604001045
1417000249
1417000250
1418000207
1418000199
1418000201
1418000202
1418000203
1418000188
1418000196
414001966
1107002522
1604001701
1604001705
1604001715
1107001826
615001470
615002572
1807000157
1901000153
1903000421
1903000469
1903000470
1903000472
1107005569
1107002515
1107001830
1107002385
1110000952
1107002482
1107001607
1107002450
1107002365
414003455
414002089
1107001863
1107002535
404001082
1105003605
1107005620
603004114
1107002435
1107002476
1604001047
1107002426
1107002372
1110000941
1107004103
615002575
615002579
1107005572
615002574
414003437
414002275
615001503
1107002346
1107001992
615001398
1107001602
414002849
414002850
414002869
414002871
414002889
414002890
414002907
414002922
414002926
414002944
414002953
414002962
414002983
414002996
414003002
414003046
414003067
414003116
414003215
414003217
414003227
414003258
414003272
1107002454
414002042
1107005611
414002207
414002134
404001664
1107002078
603000268
414003428
409001163
1502001787
414002008
614001050
1107002480
517000623
519000121
1107005573
1107002399
414001939
1107002536
1107002397
409001235
1107001857
1107002910
1107002478
1107001709
1107002338
102000185
1107005177
414002109
1107002532
603000234
414003413
607000353
607000361
615001756
615001784
615001788
615001789
615001790
615001793
615001812
615001816
615001821
615001824
615001827
615001831
615001832
615001835
615001840
615001841
615001843
615001851
615001863
615001869
615001870
615002413
615002418
409001237
414002332
1107002350
414003417
405000896
603001636
611000199
603001641
603001650
408001047
512000904
512000985
512000986
512000988
512000990
512000992
512000993
512001060
1417000306
920000350
920000362
920000364
920000370
920000371
1408000433
1408000434
1408000435
224000114
1404000366
1404000370
1404000417
416000674
416000761
416000766
416000776
1407000209
603001749
603001751
603001752
603001754
603001756
603001758
603001759
603001760
603001761
611000264
611000265
611000268
611000269
611000270
611000271
611000272
611000273
611000274
611000275
611000276
611000278
611000279
611000280
611000282
611000284
611000287
611000288
611000289
611000290
611000291
611000292
611000293
611000294
611000295
603001918
1419000352
1406000473
1106000345
1419000475
603002048
603002052
1404000497
1404000499
920000387
1404000504
920000398
1404000508
603002102
920000404
614000376
611000395
1604001481
411000518
1504000580
404001797
1404000522
1404000526
1404000528
1407000243
603002311
1407000256
614000615
1110000693
1404000547
603000286
1404000549
409001583
1605001199
603000313
615001656
603002409
1407000429
603000325
603000332
1107002449
1107002439
1107002546
414003463
414002350
1604001245
1107002383
414002091
1614001063
414002027
1504000661
1107002407
1408000416
1107002550
1107002064
1107001796
414002211
1107002412
405000901
1107002415
1107002465
414002022
1502002059
1107002343
1504000256
1107004162
603002434
413000311
411000645
603000368
411000658
603002448
512001354
920000445
603000447
603002509
610001065
416000980
920000460
603002525
416000987
411002670
1406000527
414002627
1406001556
1404000659
610001122
1408000577
603000722
603000764
603000785
603004500
603004508
603002727
411000990
411000395
603001419
512000732
1406000560
1604001523
1404000684
1628002621
408001076
411002840
1419000830
1406000571
603002790
1419001674
615001554
610001253
603004532
603002854
603004565
1419001683
411001206
610001275
603002962
1419000935
106000201
1605001602
1605001604
1419000949
1419000966
1605001614
603003063
603003082
414002715
416001135
1419001009
603003111
1406000611
610001327
920000551
920000552
1419001016
411001318
411001319
603003165
1419001029
603003953
611000832
1504000603
603003231
603003239
409001695
920000562
611000866
603004656
603003318
1419001699
1419001704
1406000650
610001488
512002088
416001215
414002749
603003448
414002752
603003453
1406000661
414002763
1605001958
414002767
603003507
916000596
603003568
603003601
1419001720
603003649
1419001723
614000503
411001810
902000225
1106000902
603003714
603003715
421000552
404001567
920000597
1109000823
1419001340
610001588
414002586
1406000721
1406000723
611001025
611000213
1605000314
1605000315
1419001386
1419001404
1109002809
1406000936
416001351
611000216
1419001432
610002810
414002448
413000633
1628003273
411003681
414002467
414002466
610000265
411003779
1007000369
603001231
603003948
1404000789
1106000132
411003847
603003956
1404000790
1504000546
414002516
603001307
410000116
610000582
416001402
416001403
416001404
1419001501
411003961
414002557
603004045
1419000236
414002565
1407000436
1106000214
1408000394
1407000093
1419000266
1106000250
404001187
105000307
915000323
915000324
915000326
915000328
1109002613
1107002421
114000258
920000281
920000282
102000175
1107002534
405000876
403000702
414001933
1107001878
1107002442
1107005617
414002010
405000943
607000499
1107002413
1107001822
1802000446
1107005660
1107005561
416001439
1107005224
1604001018
1107001806
615002451
1107002481
1107002548
408001237
102000163
1107002471
603001332
1107002366
1107003796
309000245
421000784
409001263
421000811
414001956
1107002491
615002511
615001411
1504000659
603000270
1107002344
1107001843
1109002477
1107002425
1107002492
304001129
414003474
1107002401
607000467
1107001990
1107005656
1107002880
414002307
607000487
1604001274
615002577
603000269
1107004900
1107002427
1107002533
1107002423
408000840
414003466
1107002102
414001932
1107002403
306000378
1107002517
105000339
1107002459
1107002348
1807000207
1107002473
1107003077
405000895
414003465
408000883
1107004891
1107005605
1408000417
414003483
1107005201
409001135
1107002538
414002017
414001983
1107005563
1107002353
1408000885
414002208
1604001114
1403000133
1107005176
1107002452
518000156
414002048
1107001811
404001945
1107002340
414001990
1107003076
1109003148
414003438
1504000240
615001504
1107005571
615001454
1107002541
615002498
1412000007
414001951
1604001282
1107002466
1107005952
1107005763
1107005967
1107005973
1107005769
1107005750
1107005764
1107005735
1107005950
1107005760
1107005765
1107005996
1107005953
1107005753
1107005970
1107005770
1107005756
1107005977
1107005963
920000717
1107005960
1107005962
1107005757
1107005948
1107005754
1107005771
1107005984
1107005981
1107005755
1107005964
1107005980
1107001075
512002966
115000145
1107006048
1107006200
1107006193
1107006189
512002993
1107006159
512002985
1628003764
1107006118
512002987
1107006032
1504000835
512002986
1627000843
611000266
1107005762
616000424
304001248
1107005966
1107005951
1107005965
1107005969
1107005738
1107005766
1107007586
1107007507
404002067
1107001998
1107007579
1013000108
1107002015
1107007422
1107007627
1017000144
1005000336
1107008012
1107007224
1107007373
1107007594
1107007629
1107001972
920000697
1107007581
616000478
1107007606
1010000208
1008000038
1107007326
1107007331
1005000338
1017000146
1107008013
1614002076
1005000341
1107007412
1107004727
1107007394
1107008014
1107007709
125000377
1107007587
1107006957
1107007420
1107004490
1017000134
1107007577
1107007882
1005000339
1005000342
1107001974
1107007631
1107007580
1017000132
1107007613
1107007576
1107001068
1107007578
1802000793
1107007854
1107007834
602000550
1107007590
1107007421
1107007423
1013000112
602000543
1107008353
1017000157
1107008218
1107008377
1107008247
1107008378
1107008248
1107008367
1107008400
1107008363
1107008239
1107008368
1107007513
1107008391
614001132
1628003939
411004485
1807001386
1409000173
1017000143
421001025
902001125
309000366
1107008476
603005026
404003280
309000408
1107008944
404003284
309000417
309000397
1013000115
1614002228
1107009202
1807001153
404003142
1107009018
407000175
1107009213
404003139
309000371
421001030
421001028
309000390
309000393
1807000292
404003180
309000395
309000383
304002100
309000399
1107009015
1107008758
1107008975
1010000210
1802000816
1107008703
1107009203
404003283
1628003843
309000413
309000388
1807000615
608000271
404003150
216000419
1614002155
1105004231
404003168
421001027
404002339
309000421
309000373
616000881
1107008596
904000174
106000388
404003285
1010000318
1807000318
1010000252
904000265
1107008946
616000500
1807001154
309000382
1614002180
1107008995
1807000368
404003143
125000432
309000423
1107009013
1807001221
1013000111
1107009011
304002086
616000982
1807001444
404003141
404003172
214000136
1107009142
1107009419
421001031
309000409
309000404
1017000142
1614002197
404003165
1010000214
1107009016
421001048
1107008475
404003149
1107009392
1107009000
1107008978
1614002192
404003124
1107008704
421001070
1107009141
1107008695
607000715
1107008987
1107009404
1107009498
1802000815
404003281
1628004084
517000721
1010000215
1614002194
1107008997
404003423
603004881
519000155
1807000914
309000394
1107008269
1614002223
404003169
1017000149
404003096
1807001462
1107008492
1614002225
1107009017
404003177
1107009010
615002806
1008000037
404003365
1107008945
1107008487
603004571
404003275
1107008699
1802000812
421001011
404003146
214000135
1807001243
404003249
1628004067
404002342
404003147
304002116
1107009199
404003145
608000382
309000391
1018000187
1017000141
1013000110
404003123
404003092
1628003991
1107009012
1601000228
404003362
404003095
711000577
404003404
404003364
1107009469
1614002154
1807001199
1107009211
1017000148
616001002
616001034
1107005739
1107008700
102000235
1802000838
309000372
414003617
1807000344
1807000288
1107009394
1107009208
1107008701
1107008708
1807000788
1107009472
904000284
1107009395
309000376
404003093
1419001823
1807000289
1107008602
309000377
1107009406
1614002216
421001050
1807001334
1107009140
404002465
411004481
1013000106
309000370
1010000211
608000486
404003973
416001599
603005103
616001105
306001017
616001093
416001607
1107009548
404003911
404003907
416001583
1107009598
415000334
1604002036
416001676
1807001748
1807001655
419000399
416001686
1418000327
403001735
115000192
1807002042
1107009611
1807002056
616001498
1807002111
610004278
115000189
1807002225
1807002219
610004299
408001659
408001658
610004292
408001650
408001644
405001305
408001653
408001654
408001655
1807002095
1418000337
1107009668
1107009650
1107009646
1107009652
1107009703
1107009634
1107009667
1107009732
1107009741
1107009661
1107009632
1107002062
1110001146
1407000594
1107009748
1418000482
1107001853
1110001147
1107009786
1419001851
1107009720
1107009672
1107009660
1107001831
1107009636
1107009649
1107009729
1110001158
1107002470
1418000455
1107002514
1107009654
1107002434
1107009628
1107009633
414003690
1107009637
1107009710
1107009648
414003686
1107009645
1807001833
1107009659
603005262
616001352
1107009671
1107009728
1107009725
1419001915
1107009665
414003691
1107002537
1107009647
516000343
1107002357
1107009662
1107009658
1107009800
1107009674
120001185
1614002157
1108001411
615002790
1408000946
1807002334
305000217
1418000530
615002796
1418000525
1107008773
615002794
1107002636
1107008930
1614002159
1712001625
1807002398
1107001710
1807002232
416001732
1107001612
416001717
1014000091
607000709
416001866
1110001163
1107009740
1107009701
414003683
1107002456
612000433
1107008547
1107009795
1107002352
1107009638
304002484
518000191
1107009657
616001292
1010000361
1107009735
1107002342
1110001162
1107002572
610004248
416001868
1107002440
416001731
1107009663
1107009608
1107009721
1419001867
1107002363
603005281
1107004487
1107004974
1107001996
1107002375
1107004973
416001859
414003684
1107001941
1107009666
810000244
1107009785
616001294
409001874
1412000012
1807002473
1107009673
416001719
1107009722
1107009644
1107009655
1107009664
603005258
1107002351
1107009653
410002569
1417000984
1807002713
610004394
1807002751
1807002744
1417000989
1107010205
1807002725
1807002695
416001982
1807002785
1417001082
416001980
1417001152
416001935
1107010211
1417001228
1807002674
915001150
1807002706
603005536
610004505
1107008709
1107010058
615002793
1107009982
603005502
607000765
1505001701
1807000186
603005620
915001213
1014000095
1107010031
1417001414
115000213
1107010042
616001757
408001707
610004630
616001938
1417001419
1107008771
610004629
1107010028
603005572
1802000831
603005438
1802001024
1417001610
1107010310
915001220
603005322
603005424
1802001039
603005378
603005553
115000222
1417001287
1802001040
1107010089
1107010193
1107008762
603006026
603005837
603005809
1107008418
115000227
1107008436
603005955
1107010265
408001556
607000714
1107010469
603005945
115000188
603005965
404004977
1107008765
1010000404
1107010246
218000060
1404001302
920000840
614001273
416003081
411004703
1503001274
1111002958
512003836
603006723
1504002725
1409000221
1504001842
1017000282
1604002078
102000325
1017000277
1107010673
1107011313
1107009956
1504001735
1802001046
1107010142
1504001924
1504002120
1107010446
1504001912
1504002303
1504001852
1107011225
1802001069
1802001026
1504002154
411004827
1802001051
1107010127
1107010340
1105005114
1504001369
1107010404
1504001779
1107010501
1504002343
1107011193
1107010492
1504002690
1802000832
1504002635
205000348
1504001110
1107011283
1107010026
1604002062
413001082
1107010414
309000563
421001195
1107010385
1107010495
1504001433
1107010373
611001379
1107010079
1504001104
1802001015
1504002447
1301000128
1504002437
1504002279
1504002237
1504001786
1107011278
603005488
1504001999
1504002030
304002663
1504001958
1107011562
615002999
1107011564
607000981
1504002556
1504001069
1107011279
405001417
405001414
1107011282
304002689
1504001127
1802001121
1504002898
1505002025
309000506
1504001700
421001005
115000201
1107010368
1107011354
1107011432
1802001032
1107011335
1107011347
518000250
408002157
115000202
1107011418
1802001063
1107012233
1107011319
1604002334
405001400
405001398
1107012232
518000248
1005000424
1802001033
1802001049
1107010335
1107010477
408001740
309000628
1107010393
518000217
1418001523
1802001109
1802001034
1505001485
615002778
1802001027
304002753
1504005478
1504003239
1802001249
1604002393
1604002396
1504004223
1604003260
1504001292
1107012203
1504003746
1604002679
1107012555
1802001235
615002846
1504002892
1504003142
1107012197
1802001273
1604002674
1504003645
1604003265
1604003263
1604002675
1504004634
1504002885
1404001501
1802001244
304002860
1802001231
1802001240
708000879
1802001252
514000646
1802001277
1802001246
1107012570
1014000118
1802001292
304002928
1504003912
1802001293
1802001262
1802001261
1107012081
1504003662
405001390
309000502
1604002676
1504003844
1504004112
1504004110
1504003104
1617000408
1802001233
1404001500
1604003251
1802001295
1014000117
1107012206
1107012204
1107012005
1107012201
1802001174
1504002888
1604002677
1504002914
1504004090
1504003509
1504002901
1504001626
1802001281
404004211
1802001265
1504003832
1504003140
516000519
1504001169
1107012195
1504002891
1604002662
1504003865
1802001234
1404001502
1504003671
1802001255
1802001302
1504004117
1107012747
1604003275
615003531
1614002475
1614002472
1107012540
414003660
1614002478
1604002482
1614002483
1107013034
411007180
1107012646
1504003510
1107013042
1504002899
1107013041
1614002625
1107013069
1107013068
1604002257
1504005276
1107013101
1504001644
1504004021
1107013076
1107013111
1107013092
1802001254
1504001596
1604003286
1107013073
1802001291
1107013106
1107013103
1107013091
1802001257
1504006231
1802001379
1604003289
1504002879
1504006217
1107013109
1107013990
1107012803
1107013342
1107013888
1107013870
1604002509
611001765
1107012840
1107013659
1107012807
1107013625
1107014013
1504008188
1107013905
1107013956
1107012823
1604002441
405001787
1107013616
1107013830
1107014110
1107013723
1107012795
1107013740
1107012793
1107013941
1107013644
1107013793
1107014077
1504006314
1504008139
1107013653
615003535
1107014018
1107013902
1107012817
1107013770
1107013087
1107013923
1107012822
1107013444
1107012811
1107013759
1107012804
304003483
1107012814
1107012644
1107014072
1107013716
1107014014
1502003647
1107012791
1107013916
1107012809
1504006431
1107013691
1504004374
1107013722
1418001620
1107013785
1107012834
1107013766
1107013670
1107013639
1107013696
1107013712
615002847
1504008165
1107013801
1107013731
1107013717
1107013796
1107013628
1107013769
1107012821
1614002480
1107014044
1404002003
1107013741
1107012839
1107013988
1901000341
1504004331
1504003469
1107013663
1107013808
1107013952
1107013636
1107013362
1504004659
1604002350
1107013372
1107014297
1107013385
1504007895
1504007958
306001436
1504007415
1802001192
1504005425
1107013360
1504007396
1504008654
1504008591
1107014182
1107013285
1107013295
1604003344
416004133
1504003132
1107013291
1504005397
1107014733
1504003905
1107014761
1107014569
1107012889
1107014704
1504005705
1107014370
1504007318
1107014367
1107014628
1504005395
1107014686
1107014674
1107014341
1107014504
1107012140
1107014678
1504006052
1504003474
1107014438
1107014423
1107014590
1107014601
1107014721
1504004616
1802001268
1107014737
1107014365
1504003824
1107014428
1107012942
1107014546
1107014320
1107014441
1107014552
1107014536
1107014445
1107014347
1504003900
1107014516
1107014495
1107014394
1107014549
1107014418
1107014660
1107014658
1107014684
1504004370
1107014389
1107014415
1504002570
1107014524
1107014432
1107014585
1107014517
1107012881
1107014521
1107014321
1107014620
1107014533
1107013003
1107014467
1107014499
1107014481
1107014374
1107014450
1107014473
1107014578
1107014351
1107014700
1107014398
1107014654
1107014661
1107014621
1107014637
1107014506
1107014348
1107014403
1107014755
1418001605
1107014541
1107014685
1107014631
1107014368
1107014572
1107014544
1107014448
1107014324
1107014425
1107013300
1107014547
1107014511
1107014730
404015119
1107014336
1107014526
1107014471
1107014304
1107014375
1107014588
1107014421
1107014463
1504005198
1107014410
1107014339
1107014465
1107012838
1107014543
1107014378
1107014356
1107014402
1107014688
1107014729
1107014640
1107014538
1107013282
1107013293
1504006031
1504005695
1107013296
1107013456
1107013004
1107013459
1107012837
1504003143
1107013306
1107013286
1107013294
1107013312
1504007086
1504005932
309000912
1604002561
1107013276
304003484
1504005719
1107013463
303001110
1501000465
1604002414
1107012657
118000116
1107012824
1107012984
1504007308
1107012994
304003206
1504006046
1619000155
1107013280
1107014561
1504006710
1107012835
1107013308
1501000468
1107012658
1107013305
1107014548
1107013465
1504008673
1505002383
1504006391
1504005844
1628005763
309000909
1107013289
1504006263
1107012991
1107012907
1107013290
1107013001
421002496
1504003125
1107013607
1504006815
408002629
1504007387
1107012874
309000910
1504003126
1107013000
309000905
1504010369
1504007252
1504008313
1107012995
404011306
309000899
1107012830
1504008329
304002934
1504006211
1107012833
1504006479
309000907
411007176
1107014404
1504006223
404015702
1504007055
1107013371
1504007786
1504006216
611001985
1108001643
408001671
1627005252
514000989
1107013420
1419003121
1504011768
1614002854
206000548
414003855
1105015470
1107015185
1418001731
920002943
1504011872
1107015187
1107015188
1107015239
309001063
218000061
1504011984
1504004172
1107015242
1308000386
1505007487
1107015181
309001072
309001073
1107015240
309001067
309001069
1604003464
411008208
1628005873
409002693
421002528
1619000257
409002690
309001091
1504008410
421002506
312001192
615004648
1604002200
1901001117
1604003460
409002691
409002692
1802001377
1604002436
206000547
1418001736
1802001642
1504008341
1502004122
1504003017
125001287
1107016644
1107017314
1107016604
307000969
313000328
614003249
1504008115
1107017410
1504010353
404015716
1504011825
1107016567
1107016607
421002545
1107013473
1504009059
1504002079
1628005764
519000255
1107016575
120001809
1504007646
1504009094
1107015204
1502004351
1504002960
1504008273
1107016645
1107015830
1504008240
118000126
1107017401
421002797
1504007757
1107017496
516000678
1619000276
1107015873
409002667
1107016531
1504009766
1107016643
1504012415
1504008732
1107016568
1504009091
1109004429
1107017377
1504008134
310000757
1107016571
1617000509
120001802
1107016630
1107016634
1504011908
1107008690
1504009112
1107016839
1504004075
1107017395
1504010086
1107016588
611002263
411007345
1107015319
1107016563
1504008470
1107016835
1107016743
1107016636
1107013364
1107016589
1107016848
313000325
409002719
421002770
1109004469
1107015867
1107016843
120001657
1107016592
1107016828
1107016623
1107017380
1107016846
1107015457
1504009200
120001857
614003252
1107013487
1107017591
1107017379
1107016612
1107016585
1107016638
1107016618
1107015872
1107016844
1628005877
1404002522
1107017261
1107017246
421002503
1107016566
1107016599
1504004700
1107016533
1107016577
1107017218
1504010811
1107016560
1107017181
1107014908
1107016595
1504004691
1619000277
1107017376
1107016616
1107015450
1107016610
1107016833
1502003614
1107016632
1619000274
1107016824
201000091
1107016830
1628007728
1504009615
1107016625
1107017262
1107014939
1107012917
120001810
1107016827
1107016543
1619000278
1107016621
1107016615
1107016584
1107016622
1107016565
312001171
1107016613
1504011896
313000331
1107016564
1107017557
421002547
1107016829
610010094
1107015306
1107016654
1107016837
1107015340
1107015446
1107016535
1504009282
1107016845
1107016853
616004681
1107017381
120001747
1107014906
1504011891
1107017656
1107016640
1107015880
1107015209
1504004698
1107016825
1504011942
1107016559
1107017536
1614002916
1107017371
1504009740
1107017543
1107017526
1107016541
1107017278
1504009436
1504006177
1107017573
1504010578
1107015334
310000850
1619000271
1107017441
1107016540
1504007312
1107016832
1107016586
1107017370
1107017516
1107016831
1504004696
1107015876
1107015538
1107016538
1504009629
1107017373
1107017645
1107016590
1107017500
1107017363
1107017588
1107016574
1107017593
1107016626
1107016609
1107016619
1107016534
1107016821
1107016826
120001551
1107017511
421002543
307001001
1107017515
1107017339
309001097
1107016727
1107017138
1107016802
611002264
1107017374
1107016747
1107017198
306001751
1107017167
408002756
1107016529
1107017183
1107017175
1107017357
1107016684
1107017255
1107017194
1107017163
1109004340
1107017178
1107017216
1107016809
1107015882
1107010993
1107016765
1107017156
1107017236
1107017264
120001749
1107016806
1107011010
1107017662
1107017207
120001753
1107017214
1107017205
1107017210
1107016719
1107017251
1807011269
1107017200
1107017267
1614002874
1107017199
1504008145
1107017149
1107017629
1107017597
1107017614
1107017358
1107017795
1107017485
1107017837
1107017855
1107010527
1107017406
1107017942
1107017185
1107017571
1107016751
1107017227
1107016742
1504012655
1107017446
120001842
1107017463
1107017666
1107017324
1107017661
1107017332
1107016764
1107017171
1107017419
1107017431
1107017513
1107017144
1107017933
1107017833
1107017342
1107017391
1107016755
1107017836
1107017153
1107017225
1107017327
1107017271
1107017564
1107017384
1107017330
1107017448
1107017780
1107017945
1107017209
1107017939
1107017841
1107017569
1107017990
1107017135
1107017625
1107017424
1107017893
1107017170
1107017498
1107016746
1802002318
1107017798
1107017257
1107017442
1107017491
1107017166
1107016791
611002007
1107017880
1107017460
1107017653
1107017582
1107017229
1107017503
1107017447
1107017584
1107017610
1107017322
1107016798
1107017499
1107017269
1107017408
411008271
1107017527
1107017467
1107017265
1107017394
1107017231
1107016749
1107017508
1107017611
1107017454
1107017132
1107017600
1107017196
1107017349
1107017336
1107017948
1107017457
1107016744
1107017392
1107017604
1107017507
1107017874
1107017472
1107017601
1107017783
1107017580
1107017389
611002262
1107017213
1107017305
1107017986
1107016776
1107017615
1107017388
1107017524
1107017829
1107017359
1107017531
1107016737
1107017409
1107017578
1107017245
1107017438
1107017312
1107010553
1107017839
1107017398
1107017334
1107010579
1107017293
1107017176
1107017428
1107017385
1107017337
1107017631
1107017180
1107017243
1107017936
1107017319
1107017818
1107017504
1107017303
1107017627
1107017835
1107017429
1107017843
1107017955
1504004690
1107017160
1107017522
1107017230
1107010752
1107017147
1505007898
1107016739
1107017189
1107018060
1107017797
1107018197
522000343
1107017812
1802001922
1107017640
1107018014
1107018003
1712002204
1107018198
1107016678
1107017624
1107018354
1107016705
1107017622
1107016114
1107017842
1107017732
1107016330
1107016674
1107017709
1107017461
310000735
1107017655
1107016042
1107016688
120001658
1107016694
1107018201
1107017890
1107018008
1107018085
1107018359
1107017792
1107017397
1107018169
1107018070
1107017724
1107016757
1107017985
218000136
1107017937
1807011333
1107015907
1107010513
1107017362
1107011191
1107017628
1107016673
1107018029
1107017606
1107016681
1107011203
1107016698
120001748
1107018158
1107017609
1107011195
1107016683
1107018099
1107018200
1107011242
1107017772
616004695
1107016029
1107018189
1107016703
1107016733
614003270
1107017721
1107017568
1107011168
1107018183
1107016696
1107018046
1107017869
1107017737
1107017529
1807011322
1107010537
616004715
1802002052
1107016697
1107016807
1107017286
1107017581
1107018075
1107017292
1107017533
1107017512
1107017477
1107017473
1107011050
1107016679
1014000137
1107018022
1107016365
1107017906
1107016729
1107018056
1107017131
1107017592
1107017254
1107011202
1107018129
1107011178
1107018605
1107018456
1107018588
1107018638
1107017686
1107018039
1107018668
1504013074
1107017276
1107018068
1107017475
304004960
1107018122
404017321
1107018150
1107017300
1107016838
1107018023
1107018080
1107017519
1107017232
1107017613
1112000702
1107018116
1107018119
1107017481
1107018574
1107017884
1107017329
1107017960
1107018657
516001070
1107018664
1107017941
1802002002
1107016413
1107017407
1107011209
1107017675
1107017996
1107016408
1107018097
1107018512
1107011064
1107018357
1604003469
1604003512
1107016788
1107016786
1107017649
1107018024
1107017455
1107016793
1107018117
1107017872
1107017877
1107011077
1107014293
1107016797
1107018194
1107016305
1107011199
1107011060
1107018675
1107016799
1107018153
1419003129
1107017958
1604003519
1107018691
1107018347
1107017302
1107018396
1107018646
307000766
1107018683
307000767
1107018700
1107018635
1107016106
1107018508
1107017889
1107018612
1107011054
616004717
1107018703
1107016794
1107018130
1107017298
1504013341
1107018561
1107018634
304004235
1107016823
1107018111
1107018584
1107017217
1107017435
1107017161
607001701
1107017846
1107017689
1107017673
1107017827
1107017520
1107017365
1419003220
1107018538
1107017898
1107017905
1107017268
1107018528
1107017844
1107016690
1107017288
310000728
1107018640
1107017821
1107017832
1107017404
1107016315
1107017123
1107016817
1107018679
1107018632
1107018658
1107017987
519000446
1107017274
1107018479
1107017822
1107018661
1404002563
1107017354
1107017813
1107018672
1802002151
1107017676
415002615
1107017367
1107017280
1107018555
1107018860
1107017553
1107016345
1107017308
1107016700
1107017657
1107018472
408002762
1107018653
1107018580
1107018178
1107018674
1410000310
1107017952
1107017540
1107018483
1107018833
1107018168
1107017642
408002763
1107017993
1107018591
1631001476
1107017547
1107018161
1107017853
1107018032
1107017277
1107017750
1107018560
1107016766
1107017652
1107018686
1107017266
1107017139
1107016800
1107018652
1107018176
1107018485
1107018576
1107017678
1107018879
1107018563
1107018076
1107018549
1107017699
1107017965
1107018557
1107017574
1107018474
1107017551
1107018590
1107017120
1107018659
1107017963
1107018493
1107017289
1107018671
1107017403
1107018093
1107018656
1107017831
1107018088
1107010620
1107017433
1107017201
1107017129
1107011266
1107018649
1107017195
1107018585
409002681
1107017412
1107016527
1107018573
1107018525
1107018481
1107017830
1107018648
1107017886
1107018086
1107018702
120001720
1107017740
1107018695
1107018678
1107017450
1107017154
1107018552
1107010804
1107017572
1107018831
1107017272
1107018685
1107017712
1107018083
1107017804
1107017204
1107018554
304004230
1107017928
1107018535
1107018842
1107017346
1901001559
1107019071
1419003245
1107016782
1325000375
306001947
1107018392
1107018149
1108002336
1107018027
1107018579
1107017356
1107017925
1107018107
1107016167
1107018127
1107018593
306001920
1107017452
1107018196
1107019221
1107017696
1107018394
1107018738
1107018164
610010120
1107018630
1107016152
1418001757
1107018856
1109004813
413001428
1107016182
1107017263
304004194
1107018844
414004223
1107019216
1107015138
1504013410
1107018366
1107018147
1419003246
614003226
1107017416
1418001763
1107017549
1107017918
1107018616
1107018208
408002760
306001938
306001943
1107017415
1107019110
1107017459
1107017940
616004718
1107019078
1504013437
1107018391
1107018506
1614002988
304005261
1107018739
1107019168
1107010552
1107019056
1107018424
1107018473
1107018148
1107019107
1807011225
1419003247
1107018437
1107018469
607001749
1107018577
408003084
409002672
1107018115
409002689
1802002898
1107016811
1107018858
304005279
1107019074
1419003240
1107018174
1107018185
1107018688
304004342
306001949
1107019060
1504013506
1107016040
1107017546
1614002989
1903003494
1419003238
1107018034
1107017202
306001921
1107016048
1107017718
1107018864
1107017802
306001919
1107017552
1419003243
616004731
1107017785
306001914
1504013350
1107018125
1107017620
1107018863
1107018539
1107018626
304004330
1107018435
1107018692
306001928
1107018608
1107017306
1107017934
1107017586
1107018388
309001394
1107018964
1419003242
306001912
1107018182
1107018451
1107018035
1107011239
1107017938
1107019203
1107017932
1614002973
1107017309
1107018865
1107017387
1107018055
1107019218
1107018062
1107019128
1107018452
1107017510
1107018523
1107018828
1107017364
1107018919
1107018295
1628007758
1502004014
1504013117
1419003237
1107018597
1107016789
1107018389
1107018707
1107018387
309001390
1107018385
1107011117
1107018363
1107011134
1614002964
1107018681
1107016812
306001941
1107010774
1107018210
1107018645
1107018954
304004381
1107018343
610010124
1107018956
306001935
1107018522
1107016170
1107017921
1107017917
1107018959
306001944
306001950
1107018172
1107018614
1107017800
1107019160
1107017212
1107018660
1107017158
1107018701
304004372
1107018480
1107016063
1107003472
1107003735
1107003696
1107003638
1107019014
1107019648
611002399
1419003226
1107003380
1107003757
1107020235
1107017654
1107003291
1107003605
1107003674
1107020137
1107003442
1107003342
1107019109
1403000282
1107020267
602000898
1107003621
1107003371
1107019771
1107003612
1107003482
1107003448
1107003773
1107003475
1107003679
1107019660
1107020146
1604003672
602000915
1107003715
1107020270
1107003478
1107003627
1107003721
311000643
1107020140
1107003383
1107003334
1107003289
1107019552
1107003654
1107003497
602000897
1107003362
611002382
311000632
1107019958
1107003447
1107003376
311000635
1107019950
1107020268
1107019646
1107003323
1107003332
1107003414
1107019577
1107003551
1107019625
1107003746
1107003523
1107003516
1107003417
1107003082
1107020272
1107003595
516001127
1107003454
1504013561
1107020279
1107019304
1107003625
1107003496
1107019814
1107003438
311000639
1107003354
610010147
1107003370
1107003610
1107003369
1107003637
1107003581
1107020190
1107019667
1107003706
1107003549
1107019496
1107019947
1107003606
1107019302
311000634
1107003453
1107019209
1107003333
1107003694
1107019313
1107003682
1107003281
1107003274
1107020262
421002877
1107003647
1107020224
1107003550
1107003541
1107003471
1107003501
1107003745
1107003419
1107020117
311000636
1107003777
1107020203
1107003631
1107017558
1107003465
1107019673
616004741
1604003673
1107003690
1107003644
1107003480
1107003712
1107003349
1107003428
1107003604
1107020280
1107003476
1107003778
1107003522
1107003662
1107003545
1107003611
1107019136
1107003731
1107018963
311000642
1107003458
1107003695
1107003615
1107003260
1107003714
1107003441
1107020294
1107003535
1107003423
1107003762
1107019696
1107003410
1107003449
1107003405
1107003636
1107003483
1107003728
1107003327
1107003620
1107003451
1107003326
1107003594
1107003734
1107003249
1107019370
1107003782
1107003622
1107003765
1107003643
1107003774
1107003629
1107003700
1107003770
1107003691
1107003539
1107020234
517001052
1107017704
1107003390
1107003360
1107019566
1107003348
1107003508
1107019770
1107018950
611002384
1107019754
1107020094
1107003607
1107019730
1107019526
1107003754
1107003587
1107020289
312001449
1107003285
1107019779
1107003437
1107003491
408003064
1107003507
1107003253
421002876
1107020133
120002043
1107020251
1107003634
1107003624
1107003593
1107019702
1107003742
1107003339
1107003699
1107003457
1107003586
1107019792
1107018755
1107003753
1107003527
1107020186
1107003361
1107003646
1107020143
1107003600
1107003503
1107020281
1107003288
1107003469
1107003688
1107003363
1107019815
1107003658
516001120
311000644
1107003487
1107003495
611002415
1107003666
1107003739
519000460
1107020216
1107003650
1107003351
304004199
1107003556
1107003609
1107017224
1107019884
1107019448
1107003661
1107020292
1107020193
1107003384
1107003329
1107003655
1107003484
1107019545
1107020148
516001129
1107003648
1107003518
1107003553
611002383
1107003283
1107003750
1107003538
1107003273
1107020163
1802002921
1107003398
1504013641
1107019955
1107003335
1107020114
1107003279
1107003331
1107003580
1107003456
1107003683
603008336
1107003395
1107019549
1107003602
1107003452
1107020257
1107003280
1107003558
1107003635
1107003262
1107003630
1107003603
1107019311
1107003250
1107003270
1107019760
1107003489
1107003381
1107019700
1107003422
1107003713
1107003675
610010145
1107003450
1107003640
1107003670
1107003591
1107019486
1107020246
1107003505
1107003413
1107020118
1107019153
1107003486
1107003290
1107003529
1107003766
1107003356
602000907
1107003574
1107003515
311000640
1107020207
311000645
1107003608
1107003633
1107003623
1107003330
1107003642
1107003749
1107019876
1107020154
1107003730
1107003446
1107003350
1107019098
1107003667
311000633
1107003525
1107019915
1107020249
1107003286
1107019951
1107020239
1107020115
1107003616
1107003599
1107019937
1107019820
1107019752
1107003455
1107003738
1107020105
602000914
1107019768
1107003720
1419003253
1107019148
1107020158
1107003500
309001379
1107003769
1107003626
1107003727
1107003568
1107003684
1107003618
1107019418
1107003400
1107019632
1107003259
1107003418
1107003596
1107003645
1107003579
1107019707
304004232
1107020092
1107003659
519000458
1107003613
1107019307
1107003261
1107003678
1107003324
1107020240
1107003434
1107019643
1107019961
1107003543
1107020049
1107003703
1107003325
1107003341
1107020252
1107019513
1802002925
1107020111
1107003387
1107019450
1107003601
1107020231
1107003761
1107003391
1107019134
1107003278
1107003368
1107003632
1107019454
1107020112
1107020293
1107003282
1107003409
1107019790
1107019879
1107020024
1107003597
1107003490
1107003671
1107020296
1107019105
1107019772
1107003375
1107003758
1107003533
602000906
1107003583
1107020266
1107019822
309001399
1107020128
1107019881
602000913
1107003537
1107019327
1107003488
1107003641
1107003425
1107003445
1419003252
1107019729
1107019924
1107019211
1107003663
1502004818
1107020644
1107020606
1107020657
416005362
1107020620
1107020682
1107020559
1107020635
1107020605
1107020666
1107021199
1107021050
1107021162
607001761
1107021153
1107021155
1107018170
1010000213
1010000212
1107021219
1107018390
1107021026
1107021213
1324000592
1107021172
1107021118
1107017382
1107021042
311000641
1107021144
1107021045
1107021171
1107021043
1107019182
1107021145
1107021133
1107017117
1107018670
1107018440
1107021164
1107021221
1107021204
1107017866
1107021163
1107021160
1107021047
1107021334
1107021233
1107020344
1107021115
1107021161
1107021109
1107021198
1107021040
1407003122
1107021223
1107021054
1107019824
1802002972
1107021211
408003104
1107021459
1107020356
1107020320
1107020283
1107020372
1107020321
304004393
1107020335
312001478
1107020124
1107020116
304004587
1107020362
304004579
1107017759
611002424
1107019351
1802002946
1802002949
1107020912
1628007848
1107020363
1107020380
1107020340
1107021395
1107020302
1107020383
1107020726
1107017383
1107020334
304005263
304005262
607001762
1107021374
1107020791
1107021492
1107018285
1107020298
1107019710
1107020225
1107020910
306002653
1107020760
1107020374
1107020720
1107020227
1107020378
1107021546
1107020210
1107021125
1107020350
1107020261
1107016706
1107021381
304004374
304004237
1107020213
1107020358
1107021471
1107020256
1107021377
1107018499
1107021458
1107020900
1107020750
1107020371
1107021495
1107020779
1107021229
1107020236
1107021478
1107021462
1107019846
1107020718
1107020373
1604003701
304004389
1107020180
1107020325
1107015930
1107020777
1107019364
1107020749
1107020731
1107021464
1107020757
304004588
304005264
1107016701
607001763
304004332
1107020317
1107021212
1107017975
1107020360
1604003667
1107020368
1107017179
1107020131
1107020145
1107020721
304004373
1107020149
1107020375
1107020365
1107020655
304005265
311000638
1107020352
1107020357
1107021493
1107020184
1107020359
1107020753
1107020367
1107018441
1107018517
1802002965
1901001699
1107021392
1107021818
1107021854
1107021748
1901001700
1107021829
1107021762
1107021819
1107021791
1107021862
1419003227
1107021835
1107021751
1601000730
120002414
1107021828
1107016148
1107021784
1802003008
1107021697
1107021814
1107020369
1107020303
1107021826
1107021866
1107021779
1107021846
1107021833
1107021795
1107021820
1107021827
1107021822
1107021771
1107021838
1107021792
1107021801
421002894
1107021797
309001454
1107017440
1107021804
1408001331
1107018438
1107021815
1107021780
1107021869
1107021767
611002391
1107021830
1504013872
1107021793
615004790
1010001019
1107021858
421002893
1107021800
1504013885
411008364
1802003053
610010122
421002895
1107021806
1107016102
611002393
1107017240
1107021788
1107015915
1614003080
1107021841
1107016721
1419003231
1107016760
1107021817
1107021836
1802003054
1107021859
1110008394
1109004922
1107021852
1110008405
1107021824
1107018192
1107021766
1107021811
1110008401
1107021857
1107021782
1107015910
115000379
1107015888
408003128
1107021805
1802002120
1107021844
1107021813
1107018444
1107022047
611002448
404019789
1604003718
920003034
1614003065
1107010781
115000383
421002896
408003138
1107020171
1802003096
607001775
403005787
1107020305
404019826
1107022056
1107020161
1802003092
1604003719
304005495
1604003698
1802003109
615004797
1504013457
1802003128
615004821
421002917
1419003291
615004817
607001773
1802003167
205000579
1802003115
1107022493
1107022410
304005497
1107022490
1604003702
304004386
421002911
1418001775
1107022274
304005538
1107022256
1107022241
1614002953
1107022510
1807012393
1107022533
1107022597
1107022584
1107022601
1107022619
1107022615
1107022598
1107022514
1107022497
1802003110
1802003106
1107022594
1107022532
1107022518
1107022516
1802003111
1419003288
408003074
519000455
304005325
1107022647
615004798
1901001703
1107022652
304005574
611002461
519000473
1617002007
1802003199
1802003148
1802003132
1107021798
1107022602
611002450
304004388
1110008396
1419003236
611002456
1107023115
1403000314
403005768
1107023128
611002409
1107021064
1107023306
1504013950
1107022628
1419003279
421002923
1107023180
607001790
1107023205
1107020979
1616000205
1107023170
1107023159
1107023158
1107023203
1107023124
1107023197
1107023204
1107023122
1107023201
1107023186
1107023188
611002454
1107023127
1107023147
1419003281
1107023202
1107023172
615004816
1419003282
1107023149
1109005034
1107023200
514001090
1107022394
1107023198
1107023179
1107015321
1107024239
1107015296
1107015337
1107020381
611002472
1601000664
1107015303
311000694
1107022940
1107024234
1107023193
1107024290
1107015327
1107015311
120002605
1802003252
1403000322
309001592
607001793
1107023101
1107022376
309001584
311000690
1107023150
311000693
1107015304
1107023119
312001660
405001927
615004873
1107015315
409002787
1107023184
1107015285
309001582
311000683
1107015289
309001568
1107023134
1504014022
1107023117
1107022172
1107015305
1107023192
120002604
1107023199
1107022637
1614003141
1418001779
120002594
120002601
409002790
1107024187
311000691
615004777
1107015324
120002627
1107022609
311000689
1107023173
1501000630
405001924
408003187
1109005067
411008465
1002000302
304005917
1107022042
411008456
1614003140
205000583
1107021622
1107023178
120002630
311000677
1107021624
1107023143
120002599
1107021626
313003425
1504014042
120002670
1502005224
1107024289
120002626
1107015935
304005973
120002632
1107024280
1107022525
1107024295
1107022499
611002477
1628008139
1107024236
1107024235
1109005040
1107021832
403005838
421002930
516001205
1107024233
1107022498
1107022524
1502003829
1107021823
1107022623
1324000607
120002623
1107021821
1107022529
304005974
313003447
1107022492
1107022046
1107022528
1107022491
615004888
1107022527
1107021803
1504014044
1418001793
1107022209
1107023979
1802003414
304006033
1802003482
1802003479
1107024453
1107024439
1802003421
1107018696
1107024429
616006570
1107018502
306002892
313000327
1502005015
1802002414
1802003152
607001814
1802003465
1107024492
1802003412
1107024454
1107024479
308000188
1108002448
1107024490
307001063
312001754
1107024491
307001065
312001747
312001748
312001746
305000517
312001766
1107024662
312001736
411008514
1107024670
1109004342
1107024493
616006571
305000520
312001751
1107024656
312001752
312001761
1107024478
312001749
304006050
1107024489
312001756
312001764
1107024655
1107024567
312001759
304006078
312001755
312001765
120002511
312001762
312001750
1107024568
1107024675
312001760
312001745
409002801
312001757
312001763
1802003355
312001758
1107024668
305000524
1107024674
108001501
1107024653
1107024664
312001753
1107024717
1107024786
1107024714
1107024784
1107024785
1107024726
1107024713
1107024731
1107024787
1107024723
1107024728
1107024805
1107024701
1107024724
1107024779
1107024733
1107024798
1107024732
1107024783
1107024725
1107016117
1107024780
1107024801
1107024800
304006108
1107024804
1107024803
1614003151
1107024842
616006600
1107024660
1107024661
1313000622
1107024835
608001788
920003276
1107024680
1107024831
1107024826
920003266
920003274
130001038
309001750
311000680
309001751
1107024843
1107024700
1107024676
1628008147
616006584
1107024671
1107024834
1107024681
1107024825
304006077
616006597
920003261
1107024715
920003292
1107024868
1107024924
309001800
1107024865
1107025079
1107025075
1107024876
1107024995
1107024873
1107025077
1107025086
1802003679
1107024673
1107025016
920003283
1107025027
1107025031
1107024878
1107024866
1107025076
309001803
1107024864
1107024881
309001762
1107024879
1107025015
1802003698
1107024996
1107025024
920003304
1107024966
920003302
1107024867
1802003480
920003284
616006602
920003297
1107025083
616006603
1107025088
309001763
1107024672
309001765
616006614
1107025012
1107024993
1802003478
309001756
1107025082
920003298
1107024997
1107025013
309001757
616006608
309001782
1107025021
1107024871
616006615
1107024967
1107025078
309001799
1107024875
309001781
1107024880
616006607
920003300
1107025081
309001790
1107025028
1107025011
309001798
1107025029
1107025085
309001784
309001766
1107025000
616006611
1107025084
309001761
309001767
920003305
920003286
309001759
1107025087
1107025080
920003299
1107025025
1107024663
304006155
801000680
304006154
1107024855
1107025129
616006623
1107025260
120002837
1107025152
1107025263
1107025272
1107025184
1107025222
130001043
1107025147
1107025278
1107025331
1107025193
1321000619
1107025109
1107025270
1107025196
408003252
1107025107
1107025207
1107025205
1107025148
1107025140
1107025280
1107025110
915002543
1107025312
1107025244
1107025195
1107025137
616006624
1107025146
1107025189
1107025224
205000586
1107025225
1107025119
1107025190
1107025283
1107025289
1107025245
1107025216
1107025141
1107025250
1107025122
616006627
304006206
1107025138
1107025265
1107025261
1107025256
1107025101
1107025156
1107025329
1107025271
304006233
1107025171
1107025108
120002831
304006199
1107025299
1107025126
304006202
1107025286
1107025285
1107025275
1107025120
616006621
1107025305
1107025257
1107025139
1107025150
1107025262
1107025258
1107025313
1107025223
1107025204
304006201
1107025311
1107025221
1107025269
1107025215
1107025298
915002538
1802003687
1107025142
1107025259
1107025128
1107025123
1107025255
1107025268
1107025145
1107025319
1107025246
1107025208
1108002281
920003334
915002542
1107025155
1107025199
1107025158
1107025192
1107025241
1107025186
1107025127
1107025251
1107025318
1107025149
1107025153
1107025282
1107025162
1107025264
1107025276
1107025200
1802003678
304006197
1107025332
1107025330
120002840
1802003447
1802003677
405001918
1802003673
1802003686
1802003457
1802003476
1802003685
1107025326
312001894
1802003448
1802003477
1107025333
1107025327
304006230
1107025325
1107025306
1107025480
1107025482
1107025488
304006235
1107025494
1107025497
1107025343
1107025496
1107024884
1107025505
1107025341
1107025413
1107025089
1107025510
205000585
1107025501
1107008304
1107025174
1107025489
1107015781
1107025465
1107025411
1107025508
1107025412
1107025464
1107025466
1107025504
1107025467
1107025486
1107025509
414004339
1107025531
1107025553
1107025554
1107025541
1107025619
1107025605
1107025534
1107025609
1712002242
1107025565
1107025514
1107025370
1107025415
1107025385
1107025527
1107025614
1107025572
1107025351
1712002233
1107025386
1107025621
1107025360
112000181
1107025568
1107025348
112000185
1107025515
1107025512
1107025379
1107025551
304006200
1107025597
1107025468
1107025564
130001046
304006198
1107025503
1107025539
1107025596
1107025532
1107025372
1107025610
1107025616
1107025369
1107025611
1107025362
1107025601
1107025382
1107025396
1712002250
1107025507
1408001346
1107025561
1107025567
1107025525
1107025599
1107025571
1107025373
1107025598
1107025521
1712002247
1107025570
1107025552
1107025389
1107025376
1107025380
1107025544
1107025526
1107025529
1107025563
1107025513
112000184
1107025592
1107025387
1107025560
1107025520
1107025524
1107025594
1107025374
1107025562
1107025602
1107025555
1107025350
1107025600
1107025606
1107025349
1107025367
1107025604
112000183
313003462
1107025618
1107025559
1107025543
304006234
1107025368
1107025377
1107025595
1107021702
1107025607
1107025603
403005886
304006354
1107025545
304006378
403005885
1107025542
1107025612
304006366
1107025519
1107025630
304006361
1107025546
1107025528
1107025608
1107024566
304006384
1107025535
304006369
1107025617
1107025522
1107021715
409002819
205000587
1107025558
304006364
1107025566
1107025615
1107025516
1107025620
304006375
304006365
1107025593
403005890
403005889
304006360
304006320
1107020921
403005892
403005887
403005891
1107025211
1107025681
304006370
1107025692
1107025765
1107025743
1107025637
1107025651
306003030
1107025633
1107025676
1107025683
304006382
1107025635
1107025658
1107025707
304006355
1107025762
1107025713
312001952
1107025673
304006396
1107025650
312001953
1107025737
1107025689
1107025688
304006357
1107025675
1107025667
1107025654
304006380
1107025655
1107025711
312001954
1107025726
304006371
1107025672
1107025670
1107025682
1107025703
1107025691
1107025666
306003042
1107025657
1107025652
1107025686
1107025646
1107025669
1107025710
1107025632
1107025661
1107025659
1107025694
1107025704
1107025753
1107025639
1107025738
1107025685
1107025649
1107025727
1107025706
1107025717
1107025747
304006359
1107025740
1107025665
306003033
1107025724
306003049
1107025693
1107025645
306003037
1107025701
1107025653
1107025684
304006398
1107025668
1107025742
1107025677
1107025723
1107025671
1107025638
1107025702
1107025690
1107020822
1107020819
1107020883
1107020831
1107020886
1107025769
615004973
1301000197
304006415
1107025523
1107025744
1107025518
120002997
1107025715
1107025731
1107025729
1107025722
1107025745
1107025746
1107025741
1107025752
616006637
1712002240
1107025719
1107025748
1901001757
1107025347
312001975
516001312
611002576
608001806
312001974
608001803
304006461
611002569
920003343
1107024994
608001800
608001812
514000722
1107020311
1107020642
1107024719
1107020640
608001814
1107020670
608001811
304006479
1107020674
1107025893
1107020306
1504014236
1107020669
1802003945
608001796
304006475
1107020755
608001815
1107020313
1107025874
304006503
1107024716
1107025905
304006501
1107020604
304006484
304006403
1802003992
1802003991
403005893
1107020297
1107024729
1802004014
1107025963
1107025983
1107025965
403005855
304006476
1107025964
1107025966
1419003415
1107026012
404019878
304006414
1107025173
1604003859
312002188
312002144
312002194
312002179
312002201
1614003233
312002186
312002182
312002203
312002191
312002198
312002180
312002197
312002145
120002876
312002189
312002195
312002177
312002199
312002142
312002155
312002192
616006638
312002187
312002190
312002204
312002183
312002176
312002152
312002196
1107025492
312002202
312002200
312002178
1107025493
312002185
312002153
1504014390
1107025774
1107025866
1107025998
1604003857
1107026103
1107025999
1107026006
1107025862
1107026085
1107024988
1107026004
1614003236
120003028
1107026086
1107024984
304006508
1807012452
1107025698
304006481
1107026153
1107024870
409002834
304006470
304006480
1107025755
304006482
1107026220
1107024862
1107025962
120003030
1107024830
1712002259
304006471
1107026324
304006224
1107026334
1712002263
1408001391
1107026286
1408001392
1107026298
1504014438
516001331
1107020893
304006402
1107024877
616006625
409002838
1107024720
1107025383
1107020892
1107025112
1107020888
1107026296
304006373
1107020896
1107025481
304006550
1107026354
1107024730
1107024869
1107025538
1107026420
920003279
1107020894
1107025384
616006598
312002193
304006648
304006651
616006662
1107026273
1107026376
1107026305
304005341
304006664
1107026270
304006663
1107026315
1107026118
1107026497
1107026307
1419003406
1107026466
1107025699
1107026513
1107026531
1107026524
1107026525
1107026425
1107026424
1107026530
1107026523
1107026410
1107026378
1107026543
1107026446
1107026500
1107026461
1107026385
1107026481
1107026431
1107026468
1107026347
1107026462
1107026447
1107026451
1107026384
1107026517
1107026465
1107026522
1107026535
1107026338
1107026496
1107026455
1107026352
1107026539
1107026537
1107026495
1107026392
1107026393
1107026460
1107026470
1107026389
1107026458
1107026409
1107026518
1107026464
1107026558
1107026416
1107026503
1107026405
1107026520
1107026406
1107026353
1107026445
1107026527
1107026407
1107026494
1107026528
1107026449
1107026536
1107026529
1107026504
1107026412
1107026538
1107026459
1107026377
1107026450
1107026415
1107026533
1107026469
1107026544
1107026408
1107026475
1107026364
1107026474
1107026442
1107026382
1107026383
1107026411
1107026418
1107026489
1107026502
1107026379
1107026514
1107026511
1107026422
1107026432
1107026505
1107026454
1107026480
1107026428
1107026471
1107026540
1107026526
1107026479
1107026532
1107026390
1107026545
1107026542
1107026348
304006623
1802003552
1502005497
304006468
1107026275
304006689
1107026482
1504014407
1107026131
1107026490
1107026477
1107026463
1107026467
1107026478
1107026483
1107026128
1107026452
1107026457
1107026472
1107026541
304006686
1107026136
304006691
312002337
304006469
1107026499
304006383
1107026262
1107026498
1107026554
1107026560
408001704
1107026561
312002163
312002358
312002159
1107026773
1107026794
1107026781
1107026792
607001878
304006730
304006698
1107026783
1107026813
1107026800
1107019057
1107026810
1107026827
1107026556
312002339
305000648
304006728
1110008574
1614003242
1107026787
304006696
1501000671
1107026777
1107026832
1107026811
304006737
1501000668
1107026332
1107026268
305000647
1107026785
1409000365
1107026242
607001877
1107026221
304006734
305000645
1107026779
309001985
304006643
1107026824
1107026441
1107026815
1107026802
1107026801
1107026855
1107026812
1107026786
1107026845
1107026805
304006716
1107026825
1107026778
1107026793
920003359
1107026791
1107026854
305000646
1107026853
1107026857
1107026789
1107026814
1107026856
1107026826
1107026238
1107026132
1107026803
409002847
1107026816
1107026795
1107026788
1107026321
1107026818
1107026808
312002340
1107026842
1107026868
1107026902
1107026935
1107026870
1107026936
1107026865
1107026926
1712002265
1107026863
1107026774
1107026929
1107026924
1107026867
1107026267
1107026864
1107026876
1107026933
1107026839
1107026874
1107026900
1107026901
1107026931
1107026877
1107026934
1107026859
1107026861
312002158
1107026930
1107026880
1107026862
1107026872
1107026869
1107026873
1107026403
1419003426
1107026404
1107026782
1107026879
1107026860
1107026932
304006833
1107026844
304006729
304006740
304006727
304006742
304006738
1107026822
1802004169
1107026937
1107026265
1107026780
1107026871
1107026925
205000590
1107026784
1107026866
1107026921
312002157
1712002262
1107026878
1107026235
1107026927
1107026875
1107027068
1107027056
1107027061
1107026957
1107027057
1107026978
1107026972
1107026977
1419003428
1107026988
1107027022
1107027063
1107027027
1107026964
1107026990
1107027114
1107027001
304006800
1107027040
1107026970
1107026982
304006899
1107026976
1107027104
1419003427
1107026992
1107027014
1107027029
1107026984
1107026991
1107026995
304006801
1107027031
1107027013
1107027069
1107026967
1107026994
1107026974
1107026979
1107027024
1107027045
1107027005
1107026996
1107026968
1107026950
304006472
1107027021
1107027059
1604003803
1107027008
1107027010
1107027036
1107027011
1107027039
1107026986
1107027012
1107026952
1107027062
1107026962
1107026965
1107027002
1107026997
304006739
1107027007
1107026951
1107027270
607001871
1107027037
1312000495
1107027053
1107026847
1107027047
1107027003
1107026949
1107027016
1107026971
1107027020
1107026975
1107026969
1107027018
1107027030
1107027071
1107027052
304006900
1107027055
1107027015
1107026985
1107027019
1107027054
1107027000
304006844
1107026980
1107026989
1107027009
1107026728
1312000588
1107026963
304006744
1107026948
1107027033
1107027025
1107027026
1107026958
1107026427
1107026956
304006295
304006483
1107026983
1107026846
1107026954
1107027256
1107026960
1107026953
607001863
1107027258
1107027257
1107027129
1107027255
1107026987
1107027121
1107026961
1107027123
1107027119
1107026955
1107027233
1107027070
1107027228
1107027236
1107027041
1107027122
1107026959
1107026727
1107027043
1614003267
1107027141
1107027060
1107027042
1107027017
1107027006
1107026993
1107026973
409002835
1107026981
1107027046
303001511
1107027004
312002437
1107026999
1107027023
1604003849
920003358
1107027215
1107027140
1107027214
1107027164
1107027212
1107027152
1107026836
1107027222
421002984
1107027153
1107026881
421002986
421002983
1107027058
1107027267
312002436
403006050
304006714
421003000
1504014535
421003001
421002998
1107027272
304007135
1107027468
304007021
304006356
312002460
1110008577
304006802
1107027338
1107027482
304007180
1107026152
1107027421
304006996
1107027429
304007043
1107027456
304007011
1107027487
1107027336
1604001971
1419003437
1107027318
304007174
403006061
1802004190
304006995
1107027473
304007160
1107027333
408003337
408003355
304007168
304007015
304007150
403006060
304007031
304007147
304006997
1107027488
1107027444
1802004192
1107027453
304007126
608001821
1107027486
1107027426
1107027484
1107027481
303001517
1107027461
304007037
309002036
403006054
304007035
304007137
304006999
304006990
1107027427
1107027369
309002039
304007163
304007157
304007010
1107027339
304007030
304007161
1107027419
1107027489
304007039
1107025947
1107027362
304007049
304007057
304007012
304006358
306003378
1107027382
1107027423
1107027477
309002037
304007070
304007148
1107027224
403006055
1107027480
405002004
408003336
615005055
304007179
1107027478
1107027457
1802004164
1107027519
1107027459
304007178
304007177
1107027447
309002023
1107027530
403006059
1107027528
1003000458
1617002057
309002047
607001893
1107027343
1107027532
1617002048
1107027286
1107027531
304006761
1504014555
1107027525
1807011324
1107026052
1107027562
1107027559
304007042
1107027557
304007210
312002440
304007013
304007009
403006063
304007212
304007213
1107027560
1107027567
1107027542
1107027554
304007195
1802002265
312002033
304006993
304007194
1107027561
304007197
1107027367
1107027368
304007027
608001809
306003380
304007080
1107027383
309002044
304007229
1419002268
304007226
421002992
304007237
304007230
421002990
304007218
421002991
1107027650
304007225
1107026151
304007222
304007217
304007019
1419002053
304007219
304007003
616006702
1107026149
1107027516
1107027381
1107027518
304007228
1107027609
1107027235
304007227
1107027380
120003233
1505020211
304007254
304007055
616006661
309002059
309002058
304007252
1107027768
404019892
120003237
304007257
1107027769
107000390
312002645
1502005540
120003238
1107027793
1107027788
1107027781
1107027776
403006126
304007281
304007285
1107027790
1107027784
1604003885
1107027759
309002068
304006762
1107027796
1107027794
304007191
1107027451
304007029
1107027223
1107027743
408003391
304007048
1107027787
1107027950
309002065
1802004257
1107028009
1107027834
1107028006
1107027831
1107028013
1107027833
1107028007
1107028012
306003707
306003693
306003692
306003699
306003690
306003694
306003696
306003703
1107027896
306003698
1505020232
416005394
1107027866
1107027902
309002072
306003695
616006704
920003378
1107027915
1107027911
1107027909
1107027908
1107027916
1107027605
304007136
1107027910
309002071
1504014589
1107027934
1107027431
1107027937
414004391
309002082
304007317
404019905
309002078
309002079
1107027936
309002077
411008640
1107027969
1802004191
304006379
304007314
309002093
304007319
309002094
1802004259
304007373
309002092
309002081
304007264
309002083
1107027464
304007374
304007464
1107028035
404019909
304007462
920003392
304007463
304006936
1107027991
416005416
403006151
1418001844
304007275
1504014527
304007412
1107028066
304007211
1107028127
404019924
1107028128
309002109
1107028133
304007274
1107028099
1107028129
304007545
1107028091
1107028083
1107028081
920003394
1107028100
304007262
1107027941
1901001845
1614003312
1107028119
1802004237
309002108
1107028125
1107028086
408003424
1107028126
403006147
1107028136
304007260
403006148
1107027701
1107028101
1107028276
304007528
1107028258
1502005734
1107028250
1107028322
1107028275
1107028245
403006169
1107028247
1107028262
1107028300
1107028267
1107028274
1107028325
1107028272
1107028248
1107028327
1107028312
1107028242
1107027954
403006168
1107028251
404019913
411008670
1107028303
1107028249
304007263
1107028263
309002118
1107028240
1107028319
1107028301
1010001068
1107028264
309002116
404019912
1107028313
602001038
304007598
309002123
312003165
309002113
1107028269
304007600
304007599
304007601
1107028502
304006227
1107028496
304007621
304006226
309002124
304007620
304007619
304006225
304007624
304007623
421003050
1107028388
1107028398
615005099
1107028353
1802004295
1107027952
421003052
1614003289
421003046
1107028548
1107028473
1107028536
1107028097
1107028557
1107028532
1107028570
1107028494
1107028390
1107028451
1107028475
1107028389
1107028455
1107028495
1107028561
1107028468
1107028397
1107028716
1107028591
1107028759
1107028757
1107028756
1107028749
1107028779
1107028626
1107028711
1107028768
1107028596
1107028667
1107028720
1107028702
1107028751
1107028739
1107028414
1107028734
1107028629
1107028668
1107028721
1107028595
1107028809
1107028686
1107028767
1107028733
1107028773
1107028651
1107028604
1107028645
1107028728
1107028735
1107028745
1107028698
1107028796
1107028689
1107028747
1107028764
1107027922
1107028681
1107028673
1107028794
1107028675
1107028412
1107028738
1107028684
1107028699
1107028658
1107028814
1107028750
1107028614
1107028685
1107028634
120003333
304007622
1107028636
1107028710
1107028752
1107028615
1107028677
1107028766
120003332
1107028627
1107028647
1107028661
1107028605
1107028784
1107028581
1107028489
1107028490
1107028562
1107028611
1107028474
1107028715
1107028440
1107028597
1107028701
1502005700
1107028811
1107028470
1107028662
1107028550
1107028725
1409000367
1107028504
1107028683
1107028556
1107028483
1107028737
1107028690
1107028618
1107028706
1107028697
1107028493
1107028620
1107028713
1107028457
1107028740
1107028460
1107028771
1107028497
1107028498
1107028729
1107028731
1107028555
1107028777
1107028633
1107028545
1107028609
1107028717
1107028622
1107028563
1107028466
1107028703
1107028613
1107028678
1107028714
1107028807
1107028579
1107028803
1107028648
1107028586
1107028452
602001055
602001054
309002140
411008669
1107027826
309002142
1107028718
1107028933
1107028983
1107028722
1107028973
1107028956
1107028980
1107028966
1107028932
304007306
1107028955
1107028925
1107028931
1107028534
1107029095
1107029136
1107028600
1107029025
1107029159
1107029156
1107028486
1107029214
1107026515
1107026534
1107029009
1107026082
1107029029
1107029218
1107029142
1107028641
1107028639
1107028564
1107029240
1107029146
1107029212
1107026080
1107029144
1107028442
1107029140
1107029143
1107029190
1107029220
1107026081
1107029230
1107029114
1107029115
1107024727
1107029113
1107029137
1107029063
1107029106
1107029108
1107028590
1107028964
1107028594
1107028471
1107026076
1107028656
1107029039
1107029090
1107028574
1107026079
1107028642
1107029151
1107028478
1107028488
1107029100
1107028539
1107028691
1107028607
1107028566
1107028582
1107029094
1107029119